0.25291106106296785
0.20630752850664352
0.3435996417454758
-0.3052971000251439
-0.6444799336906526
0.5939936631260149
0.08396566984475097
1.3263289024758729
1.4788344236916187
-1.3731621400929757
-0.8228236272175316
1.304287737905016
-1.7150398381459402
-1.5553251628646292
0.26287480042414474
-0.9290177093759887
1.6891001395684386
2.3830433316352293
0.23509871576045863
-0.13769653687288125
0.044551543240525654
0.1651257195235667
-0.019595886880639322
-0.11770083271702704
0.22501125875388897
-0.006183465196571836
-0.6102707193860498
-0.1592151153177046
-0.44889329987425647
-0.2667361433070371
0.3097836358915786
-0.3407638963446985
0.1305580236763875
0.17617387538838963
0.4701662590642709
0.05810154505156383
-0.07959100712526737
0.12029747743632603
0.5561342699389822
-0.1404689037459778
-0.4911989070257737
1.0535076098633038
0.6833809641164712
0.8047634624598101
0.4053855609408193
0.8409753670977542
0.15071457857851348
0.2007497916010515
0.24227030833534471
-0.4416293415285395
0.2623292130917562
0.3693649649724253
0.0051431743471319884
0.8238775295673861
-0.665723556082607
-0.06296025099199484
1.0059909925136008
-0.30127242441140345
-0.15029514786762171
1.2102525293450608
-1.4450533639367305
1.553322251264392
-0.2966417373203349
-0.2697470229925422
-0.5161213595979639
-0.2376941315732671
0.48927070061842065
-0.45977765534633513
-1.7497976643529238
1.3550142424621252
-1.8812597080567295
-0.06500128035876931
-0.46160690731868576
-0.15491117812928495
0.05126595444124036
0.12025200727614796
-0.11318209555246045
-0.48554373168405596
-0.1415491953835292
-0.157146412725534
-0.0434982587791845
-0.4373852132739368
0.9612537817606673
-0.1359246348700485
-1.2340233047012903
-0.5331122905771695
0.7075806770715135
-0.6072485404818257
1.5593264584839643
0.4993237212734522
-0.3015975370411506
-0.5153670024385841
0.795794872779895
-1.4016918131642158
0.7252241191367272
-0.6347277985929936
0.3725155384015048
-0.6502320777417282
-0.007545927128977024
-1.2420213331014447
-0.06528821934950642
1.3567405818839497
-0.0004395187392590332
0.36057250257156326
0.3101389762087871
-0.46758618854311657
1.8544684565619105
0.8627076622650494
0.2077635892256907
0.6943066480748826
1.1330820281291847
-0.5087021849266431
-1.1061016457747495
-0.38375047902232073
-0.6167078790714127
-0.7544044730506401
0.3736498049016999
0.3624245965312862
1.3356900845598032
0.7797856205705583
0.7356663984395949
-0.3598280837648085
-0.08260191343096736
1.0006685365364862
-0.26921636776132035
-0.5721139002258909
-0.3448074016908522
0.289343254544251
-0.6386554730839965
0.03010315671772066
-0.20005141676289617
-0.8273826741059791
1.5043154056747206
-1.7794941039307135
-0.8330099436262414
0.9729556229816672
-0.943712356164995
0.13142129132940022
-0.7686793037471997
-0.5067917054268091
0.6886787442795579
-0.9058722415457042
-0.24212805399142684
0.5149402589325444
0.7912439508726717
0.25434141728888704
-0.6472047427954324
0.28844135965087664
-0.3254127372662401
0.692927243959398
-0.41417733027736126
-1.3432463948266318
0.21209789139253263
-0.4228654258882803
-0.02782472415704459
-1.2288258656542075
0.9351794154451274
0.8164089869821929
0.09572346090646246
0.08301783099257455
-0.9958978176953575
-0.013371171952532759
0.09725414308080486
0.33570457215901267
0.5972191306388699
-0.19167890276494068
-0.06761801944688474
1.3612466958743477
0.15203194450239263
0.2782582859381156
-0.006625220016091644
-0.6475279256572096
0.5312917791322396
0.019636977835694545
-0.38402161324227174
0.1892164332394297
0.19934462156373925
-0.5448491391095996
0.4110258854704099
0.5399615452318072
-0.5809525080072192
0.07627881028238415
0.9985056932611719
-0.45727480710267554
-0.4215457745180973
1.557162671199094
-0.8248163512788195
1.5909371698954677
1.0580230382961926
-0.6302801263094354
0.6145405492343904
0.9886531865447618
-0.843690378406286
-0.34032716349450187
0.6536708980801373
-0.1819266778030176
0.7288304099216785
-0.5733115042598239
0.272076016661204
-0.6581443437201724
0.1641335522670097
0.2531047166140765
0.26741750997655644
0.517753331420637
-0.42887643771332074
-0.08348990515528724
0.28478691117285915
-0.1822910702841704
-0.5664298559756235
-0.06818989383742494
0.5708283459556823
0.8130259332633024
0.32049804584636427
0.12450602396903873
0.37806445087153084
-0.08927301277269299
-0.6487748480567093
-0.2555717019289093
-0.470936608689596
0.2673697365090693
2.8049045394715417
-0.6137550891997016
1.1574077017713698
-1.351128784402684
-2.1552223250145164
0.09355798848146987
-0.3022503045372688
-0.9095599411797417
-0.14062477959763425
0.5658027575084436
-0.42455333927689437
0.006199764981215849
0.3295310856868946
0.33819591700178553
-0.8791010939279298
-0.25696766331918175
0.38399930042227925
0.43747891887640517
-0.310271401828264
-0.9898826771314618
0.841683448140209
0.003322999026718178
0.7720587167562938
0.8066858762271847
-0.005321813523820198
-1.9319523625158153
1.2563966420882524
-0.063858473924965
-0.13998226035466851
0.4819947407549246
0.47625933207871096
0.05794086314485933
0.4832603343808331
-0.7409745482655664
0.9044372520479882
0.5814517549152504
-0.11140176442809442
-0.6022829540426159
-0.11203776849091329
0.34747466527991133
0.03341042115444658
0.2837722620778167
0.12403836223111696
-1.1925988079158687
0.310428275773643
-0.38620755553474717
0.9977000505854849
0.41566315706628904
-0.9293217876252123
-0.6852830117921901
0.461676688757627
0.13695112096550546
0.3943820508623302
-0.8236539798823018
0.8276976039226713
0.85357607659356
-0.08758924657844974
2.5993724646137486
-0.12550546282117525
-0.3286571167728769
0.4448422522561654
0.12603793519605844
0.9035881483060912
1.688027058475599
-0.1291627049364456
1.1677336826149685
-0.8935944486668607
-0.7035938707427184
0.040447480454213126
-0.4502532691462108
-0.6270066751992874
1.1046756480144673
0.13941983507158545
-1.722704381007808
0.4746887060742966
-1.6764720567914186
-0.8363628205453646
-0.12957290626597975
-1.7228680558862839
-0.6920951556600802
-0.13546973209978683
0.4507591477948984
-0.8714505819183958
0.03809990464535766
-0.6297594529581246
-0.7669720902499314
-0.35599560549614473
0.4391018720928203
-0.3621818902398415
-0.21128927696952096
0.9367211366001801
0.07521650962338614
0.6592115102052317
-1.0138138980400402
0.8218554425768321
-0.4021429047821974
0.11675263172778463
0.40805777222029105
-0.25728505054955453
0.7314981599887614
-0.039534425682052315
-0.32514393661107854
0.8407286936051449
-0.5991677413798693
0.1355117129950751
-0.07262809277157545
0.288276152983107
-0.5593130982777209
1.5378895754670907
-0.34894692092150154
-0.741472590134869
-0.2804666331049339
0.2940065800232059
0.04044086145905989
0.680575304190297
-1.6632640074575062
-0.7352573829447275
-0.7098285419073103
-0.8783194643669244
1.5079572095789489
-0.9677984137971368
-0.791066409816465
-0.27569541372305967
0.002083010998124014
-0.2329285512551874
0.2837743404787486
0.6291704232188241
-0.26200834998696504
-1.0356568594156434
0.038625950524554975
-0.37916609441612553
0.27126175846775724
-0.0723400007869517
-0.3800016392457043
-0.5864269266861554
-0.5022784112067087
0.5331268837601526
0.007751658051802302
0.34266896998524804
0.4211851392922099
-0.379766007325527
1.2558330145446934
-1.203330486374594
0.3379981017330865
-0.8627257480199209
-0.7648811574424872
-0.32962862926562086
-0.3745161614259205
0.07525433733082493
-0.6195879564478763
0.3856539122357093
-0.19125701006192078
-0.5644776994782705
-0.6960946673548425
-0.3745925679449267
1.2219260811040986
-0.28885611030941655
-0.5899686994136211
0.33674058112673694
-1.1704969312868427
0.033956329265392014
0.48275153493926815
0.6050914375818468
-0.907349686321382
0.586979215129691
0.25583030764582676
-0.2850819871646574
-0.8085580714015669
0.579551042388851
0.19481155574371992
-0.9345609291723067
-1.3651732640034377
-0.0261416294033894
-0.36552811059951795
-0.7565681246716053
-1.4141851381312356
0.5590330160725483
-1.192022388049597
-0.38002123110697444
-0.3171515441305332
-0.5410275406211389
-0.4453032787581831
0.044678071698060214
0.9292909985623178
-0.2841250484409727
0.03901362786759302
0.3331271085667432
-0.4122738336240683
1.1875730912194133
-0.33045303805765563
-0.10419219625532958
-0.14366681994478567
-0.5996068040151622
-0.41723965863706614
-0.843621046655942
-0.05094363583850414
2.6606086875201918
-0.5395348438406553
-0.5684835252471354
-1.005461674309919
0.700936318536634
0.9078571188930598
-0.4146420699601698
0.5063675498884602
-0.09510271167742063
0.5064591181013072
-1.0203481987732788
-0.35180204500202794
0.24826429495082322
-0.42815612708331646
-0.279007893942278
0.9527037091302905
-0.5563719381405636
-0.9050965144125456
0.659225627823045
-0.15257238322685124
0.5206637392351403
0.30703090656538395
-0.9240376899502301
1.1959416558408187
-0.6121145158028809
0.08120614200702764
-0.2543378854273537
-0.2897583858892815
-0.4894249740889085
1.5674678410328278
0.09540493820060938
-0.4659409072406828
-1.2122771052925614
-0.6783025679010025
0.23299243411980644
0.23348776462473772
-0.5279156657016613
0.3659832973977187
0.7820791101002529
-1.3537923427904806
0.015082191814456232
0.6094161889615324
0.49998005270027607
-0.9154760114117977
0.23642265994528985
1.2632981000080774
-0.1361181165972029
0.2897264667420454
0.9209460615942866
-0.933975151153856
1.2738041809327985
-0.543206383195115
0.06129082537979932
0.2930745231902293
0.5345650402343781
-0.44501349229889353
-0.15017928185091942
0.16469783956289524
0.3309952788306398
0.6420286670667545
0.5313624458058808
0.4617116501907316
0.08839396185302682
1.4793227640437199
-0.6123196796336705
-0.21497292657771444
-1.2555455965377726
-0.6262383351647849
1.0923660202421186
0.04564162114851072
0.05833773767306893
0.4792511878569697
0.14331499461368455
-0.8523558478850524
-0.2574751097369067
0.2566817643538631
0.19473255345635926
0.7369096428540958
-0.4500397070583424
-0.40697806940035486
1.0350459134380976
-0.40277007923582814
-0.007197518647882759
-0.8402981182448948
0.929804473869318
0.1359686022228635
1.6561180832383837
0.4505564413049693
-0.11925312969079004
0.7068069056134383
1.2885024453646716
-0.9634504049651994
-0.2634140759088104
0.038795397100142286
0.29288535986514486
0.3204275387364664
0.2838532986197419
0.1530386095180539
-0.1559761210708776
-1.1628914918012603
1.43894475327132
-0.2133954879417462
-0.6629650500411548
0.7861257751946792
-1.4299524035293556
-0.45763442110407054
-0.25348486894106503
-0.9862687871827547
1.5380300765948756
-0.1359390335505472
-0.6871693515945833
0.7046530956206829
0.011778815909910171
0.8126900329169451
0.8233891612348531
0.16792069441676963
0.27538263508999106
1.313943159138833
-0.1065952591541666
0.7342643833545702
0.1530367423647147
-0.13082018085257058
0.05374677968166692
0.10402773116379568
0.6706496856353923
0.41471974512990933
-0.11178597549298222
0.6853267021317652
0.3084966501766336
0.493002721875918
-0.4784733167558852
-0.3166331902361207
-0.11292701282697447
0.23457665837007258
1.103051893679192
-0.47537440007003895
0.17061921703968924
0.7143650060292885
-0.5737611922688646
0.6440009830695403
-1.1150101400176686
-0.5974118314889132
-0.8488287129296264
-1.029647383218511
-0.30944423668480786
-0.1327483886872781
0.8855747434394086
0.31940862074754706
-0.4186527039142314
0.23446942835022508
-0.6596469414194418
0.1324335118857386
1.8845930196757101
-0.5985694682852645
0.03497760775036221
-1.2030701137220272
0.05002585514372444
-0.13544033583202114
-0.41505274155629174
-0.3323612319187405
0.17595786809701236
-0.6800735236493771
-1.0542636068447888
-0.8986159241936312
-0.20228509205826206
-0.9431619344870608
-0.20312609996179412
-0.07311685430751136
-0.14495728713128272
1.0190715857464954
0.07151566754059359
-0.6617039090467292
-0.5069697257860195
0.8734763482069985
0.07225029546331953
1.1628776091714979
-0.3412424417002132
-1.1471766262038516
1.5780631653342339
0.30097439781603663
0.41589858807804586
-0.1751711551511856
-0.29721643666812714
0.26138273365275866
-0.24870067485356478
0.8556112783774895
0.20593251868552448
0.5393389915479575
0.17418781672615208
0.2473805876183993
0.6189688008131927
0.38653857925974394
0.23294451549049786
0.08182194725718422
0.31072584203040565
0.06893667067558017
-0.11551550852139807
-0.5392034103615413
0.520527150803342
0.14229473135924584
-1.0783593515361165
-0.07628957836071583
0.22666619123974072
0.10783090511262226
0.27310965366083206
-0.5999197112323246
0.5091591265117011
-0.1058243626611262
0.3820362590134516
-0.45824025161560367
0.05896543673250585
0.45702956507912235
0.41319686823590546
0.37291166375924273
-1.2023088079502748
-0.2665127370315692
1.321620310078921
-0.28433185549720846
-0.43397593934364725
1.453775657463322
-1.11257090702855
0.5466934746288898
0.6337344716610775
-0.18417442395614542
-0.33263414275443515
0.7090883418024396
0.011460108263404007
0.7734484946499253
-0.44126102555696384
0.24227017849142596
-0.3994394643630493
0.15151383799333293
-0.01283397116802745
-0.884942933041006
0.3830188900290226
-0.04656209555994212
0.18842658417476987
0.6486429439523063
-0.010616847707657112
-0.23791042764013282
0.21059025829663075
-0.3383772429812857
0.09422732842836307
-0.8059268168954952
1.2478088929255975
-0.43200114500951087
0.38306380890973063
0.654750406655964
0.3418020707399052
0.17471361244145686
-0.2555979574049034
0.4530255564422699
0.7281899322988575
-0.9118754407097989
0.06582096759116904
0.09882412647903682
0.05250984466317715
1.551669149182612
-0.5168639421729477
-0.04608619051098047
-0.14749372808516348
0.29530123953184495
0.6703201823310889
-0.48843317307012435
0.14118409567581897
-0.9281709536401274
1.4710278636482261
-0.22819592215256104
-0.038014528963371375
0.3471801557796797
0.9807180399524159
0.5188992359131759
-0.522664791696527
0.3013789718579593
0.49829187034959577
0.03931479065588946
0.47043604621608087
0.41705215121425954
0.2115389183328928
-0.14051062463804262
-0.9792212921493545
0.3280158816478394
1.2513255580223817
-0.3500680704733826
-0.14812428880965253
-0.16172049640301048
-0.10317167964485384
-0.8514541884410328
0.4233343882532767
-0.7861610837617546
-0.6277177510737233
0.05521377477172685
-0.9173651610876306
-0.02895419310303775
-0.18443492392106833
1.248865076740477
-0.9193451579662891
-0.3108465357608078
-0.2508674932008371
0.08935443122825432
0.4095896796864398
-0.5204308945996248
0.7585210816020211
-0.09007418349817752
0.9317995032739267
0.2787920820004794
1.4201898668850352
-0.2886616823796594
-0.49293705212591166
0.17385060495910123
0.06620843663113361
0.7617164391186708
-0.28501740968820377
-0.1574193996339668
-0.20181444150771163
-0.39110413587217774
0.44063975203299777
-0.13421316216899506
0.08128224560259706
0.35215611623280835
0.5969416767660202
-0.52782032420059
0.17369586743815352
0.5911302242506576
0.6739379647667415
0.27150112746786265
-0.5768782488027918
0.15354293046647716
-0.6090163400722078
0.9056911834376271
-0.14745045768667622
-0.24853360367623797
0.4704879613786198
-1.2996094268288267
-0.23024726212770524
0.36210211122123864
0.01695399262925522
-0.3048632480525355
1.6830396854761738
-0.5329288032487856
0.2580916865562723
-0.6018459852723
-0.007544037995781509
-1.2257570354738403
0.6422469244765016
-0.5138442448311046
0.21078471555574824
-0.6120197193511075
-0.018778540264953132
-0.01467847506909844
-0.6024262986198609
0.08134032263430246
0.7654343567060429
0.37771368982154097
-0.7612709993107747
0.8291846094035913
-0.5001953104446354
-0.43400849732095376
-0.24413154033048276
-0.7460934941678802
-1.2511342565855457
-0.45112674543758713
-0.34633654984082934
-0.7703231656831967
0.5776971831500564
-0.15030990243476133
0.3368671121452418
-0.6739450771180435
0.7759975377559375
-1.5511380905315222
-0.0769302482999485
0.02887945916666647
0.7358373424219808
-1.8216814495052467
0.23052112963873145
-0.12293512756867472
0.8573099775483884
0.5734724624339436
0.8778835654394299
-0.46523740216747617
-0.40909409072960706
-0.3258049431729364
-0.3267960946144143
0.5808544548496096
-0.8063453290217442
-0.004838313976169846
-0.23325073780371197
0.3440979157223121
0.2470820135289626
-0.3096160625434815
-0.5552700099929614
-0.06283716997175563
0.6684635484551109
-0.4588490503920855
0.2492526555757167
0.35321375727538934
0.2030040785402185
0.10036156949880748
0.4298343762569382
0.4928895809907759
0.022246583163654604
0.018404302229115602
-1.224848099275249
0.9800168029347262
0.21467330489215952
1.1253414361038878
-0.8192593750622602
0.04397014473294488
-0.765888964478805
0.7057318578638836
-0.39751735798069393
0.43180449645979907
0.3988722811611818
0.1883727693271588
0.7116800545008128
-0.42353493289376215
-0.04574616797964897
-0.16065736852692494
-0.6998249271216005
-0.4090182614532989
-0.7147935956732161
1.2179090750521393
0.5083728685894274
-0.5309387885420433
-0.014067899497600319
-0.25541999183142844
-0.24210712855701735
-0.40154067161782764
-0.32288330683984895
0.4336873585050628
0.25218778393656627
-0.3561188498932902
-0.09229788740069021
0.7359460216805299
0.6248690964370031
-0.136548266377796
-0.26294939550324226
-0.11476586539268871
0.4644922713540038
1.1650820394468673
-0.8955377990412671
-0.4157234546750627
-0.024952875572980326
-0.27502590343743055
-0.303751883215583
-1.1471618997468518
0.09960306979294435
-0.7579809664676337
-0.2172240357634759
0.19406398180940257
0.8277848726862151
-0.5338739276487963
-0.09343362958674997
0.3618702698725526
-0.27869786726510454
0.16768485801217398
0.7865697274209039
-0.35554151744225543
-0.2293371895393806
0.11932479654994851
0.5450180559723006
-0.3924655327022552
0.8369983776933725
-0.3907595355151553
0.7322324335817945
-0.024252439613034586
0.05590702167312876
0.33653217982117606
0.24327628246167268
-0.6547054208580864
0.5943012435644537
0.38860377518018724
-0.9699186511261351
0.009999537291995117
1.6986908533177836
0.09710130894303294
0.2835293239374675
-0.17244264872944287
-0.2000630265379015
-0.32558347494563855
0.4790305904791248
0.5890273161400621
-0.8636871775109342
-0.015014714503514878
-0.19311722429257902
0.17286748456886636
1.2580157365957836
0.5537578953788477
-0.11383783780513115
0.37032582012269605
0.6705624854494454
0.5882657811846976
-0.3249913149004529
0.5437812849612584
-1.1749663124564023
0.43847157628281047
0.02254799172945774
-1.0824727836734938
-0.34218457650920175
-0.020809010365168988
0.49234845065966726
0.2629816429851937
0.005956073999138459
0.9640247931856192
0.01930956126206845
-0.008258684551311372
0.5180059601362158
-1.4203690587345141
-0.20719113068911252
-0.5340076838747174
-0.017365953871885616
0.9937995851802082
0.2464152615825781
0.12039932270315759
0.3647257606872713
-0.603332261176782
0.42700911148417575
-0.0858592093889717
0.06641814050946837
0.9479170620654314
0.35637314158688316
0.7847971933092522
0.03546266819103737
0.49000933191439033
-0.1499650884493452
1.5041365449130837
-0.717961933459289
1.4195678148154416
-0.3823085709797107
0.059733139111613584
0.30620502689733675
-0.26326241534168887
-0.04015346355466108
0.25421491425006437
0.31791155999871173
-0.27312171496629645
-0.5930231935536958
-0.6282143812375096
-0.6224817145435869
0.2361515611753404
-0.5492421331619435
0.3181712851029065
-0.38601678541715795
0.5179041812926154
-0.34308082757932584
1.3704438298165282
0.5677717628667983
-0.42532550522251866
-0.029592000997225042
0.8490236129232754
-1.1563740351242768
0.4699904119047772
-0.20198854303828662
0.4538266263594801
0.28381136360528975
0.6261470930678691
0.3534722390540875
1.4527758800783834
1.2578912422401682
0.5469009802861282
0.38178857001233896
-0.2519571242535937
-0.7279554358466058
0.15952099324746796
-0.6145500252813604
0.42608361963345487
0.7956415334250582
0.7888782056855427
-0.5442093177469384
-0.31938159562100327
1.6802149106729116
-0.6665706160296615
1.6592418633812858
0.31182799694884045
0.032473353158721664
-0.457026399497366
-0.1632376408805963
0.2904057422696126
-0.23629702951195936
-0.47154628922679176
1.147561770193272
-1.0710022503756984
-0.4331625250402255
0.26306112938593346
-0.49203373573099046
-1.5521868282705804
0.3202757019161379
0.18850310650066715
0.6098342263814203
0.17602923373043175
-0.25991911809328755
0.06667868556311116
1.1510136561017588
-0.9238618785808692
-0.7216504048834183
0.14051169503553443
-0.40626333336309617
-1.5200667486185737
0.12920777036898845
-0.360311302919839
0.5477341210765523
0.7080819190057724
0.05456085983493907
-0.3976687719742945
-0.8904294364622864
1.064460468048267
1.2422385304737706
-1.1018314786825951
0.49285114488200094
-0.281105770202715
0.1474949633912546
0.4306081039170258
0.6663801450844393
0.16616524850668263
0.4779244727355456
-0.9250907862090584
-0.012405809716095393
-0.5325446050537677
0.5152882516392847
0.21867150083667758
0.4324346634106771
-0.02081817848112849
0.5831666473714132
-0.7369303566862732
0.116899645508876
-0.2324072556924261
-0.07811412808546613
-0.17645713669271154
-0.6082578113452143
0.3272888603623092
-0.25542196477866946
-0.6083184630385085
-0.10752287247378839
0.12178297729786233
-0.8251399427534429
-0.009577181458229158
-1.1518124384415183
0.7202313310867962
0.5997796490278188
-0.5261483905785757
-0.2923820167478405
0.30120432700740274
-0.373569420894584
-0.07947350134975707
0.18354748710842966
-0.28359815188811127
-0.14244388392000654
-0.4133317473687276
0.572574176186938
-0.34184290909020937
-0.4618565882005349
-0.8142233669323493
1.7807979518958945
-0.4605123446752925
0.1369075468868137
-0.61981232538658
0.033560349923864814
-0.5856444062482018
-0.8066199598451548
0.3752899175546553
-0.6380607913452163
-1.1148731658795035
-0.34624102961840475
0.46683340005408147
-0.10690091265155349
-1.5147315858336448
0.12776867902412692
0.15996941784367832
0.42050422507099183
-0.2599099914169108
1.1026816853549846
-1.1723396560640578
-0.6845264541263724
-0.1206182961176985
-0.06739866187156274
-0.6344860249547803
-0.1876334941534122
1.0110302406251217
-0.3472432433434482
1.311913626993512
-0.7444090326367131
-1.3266111671708456
-0.3103307154500953
0.0830422900543714
0.6630622262675262
-0.10008077082559928
0.4790904469698766
0.5446731170701175
0.15649868456238972
0.4064209872995507
1.3150063562632717
-1.1399784594400137
-0.6038428115144867
-0.8584027883759876
-0.6216601455908952
-0.26210968392322803
-0.008084517992388346
0.17625129566394518
-0.49989940745741906
-0.3580271930452777
0.46418474130684445
-0.02565204539177941
0.3683026210335211
0.8147674482419534
0.5807496016774734
-0.2073762489494562
-0.5259374203568312
-0.6705432232107229
-0.47908017912665485
0.8670792532096605
-0.1584398923077062
-0.6226026299104851
0.527331316044795
0.014939029286513356
0.1402194126402441
-0.11921633564218363
-0.0004310559784320134
-0.004395348076432988
-0.45368044599511903
-0.34396268123722556
-0.11301166232275198
-0.4226355437040868
-0.3786314124750901
-0.3504025519797653
0.48946777331277624
0.06222688203646706
-0.46704966467728165
1.6843002483740488
-0.04366398817484671
-1.079325298485574
-0.3592705960519005
0.07620988084036236
-0.2051252854321241
0.31102879681527373
0.18349149644096815
-0.25286920724062745
-0.4197144468257657
-0.15949515051105476
0.11686877890380966
0.9100126617714375
0.5876945048890213
-0.6098491191816284
-0.15354608086568172
-0.9018597808837829
0.23179860688143103
0.30221105194735615
-0.36867207724839185
-1.174145202166241
0.2653673853474479
-0.6800817048452259
-0.07591340503502594
0.21307477145448192
1.1398497439568285
0.8977986506410491
-0.7085597193254728
-0.13191161835858722
0.22037678081007947
0.1631730929401827
-0.8150752660920184
0.6539031482707276
0.20823053477843273
1.7925556414321275
1.7810985633446608
-0.06214288979750984
0.19515360348119518
-0.5529310048854664
0.7434709269214579
0.5765038405797597
-0.4373743067319063
0.4546163106269067
-0.046081796925573536
0.638302629892042
-0.3583980931985272
-0.11242430135544658
0.3114974792671655
0.2293991589355506
0.2799009320923522
-0.4932684930296699
0.7323840440841474
-0.47304689628396557
-0.09229322716952955
0.13859168969614893
-0.48919909399536776
-0.6241585849344463
0.9194541962319007
-0.4158695557805028
0.12284499389760063
0.09910311651799308
0.7100678143615242
-0.7660969226548786
0.9245585138874503
-0.5574320528223742
-0.6349846351405214
-0.33915155238382466
0.017325327466972656
-0.6764281342594947
-0.42747059653396435
0.42455576431047887
-1.074857474004748
1.5111278037011167
0.22577838067326106
1.1258194178994725
-0.804555368962661
0.2579430932256694
-0.17580525589232
-0.4044250028361127
-1.038811189315591
0.26155205375861706
-0.9577521418360249
0.00582100636531869
0.3791643658914951
0.32953829869625867
-0.010990229112473696
0.3780951021290627
0.09942411216008852
0.4664180408669142
-0.3111085191238049
0.44885556905261165
0.39799577344935544
0.039189735226538375
-0.2572791442880316
0.1991366025823912
0.3826876823942331
-0.440738005069306
0.20808896961247775
-0.5387611202578924
-0.10122054680253316
0.3599265945318836
-1.1006369462020515
-1.393748531880485
0.1609114753836691
-0.40585850285368835
0.09574964613816184
-0.0891207752112995
0.37237442581685076
-0.016342366747640474
-0.3292159943623769
-1.0844830613933594
0.5438335718147423
-0.40274832294022733
-0.3444628086589709
-1.3432080178417036
0.1367024654616358
1.0685536468590042
0.8710917999707736
-0.4229081830418902
-0.9832366369975882
-0.4494624746760374
0.5890285312088092
-0.49830468500767244
0.6491420570399986
-0.2837684714085698
0.15868931391436542
0.23423369783328274
0.3575309585339411
0.3696047863495886
0.10286499061124191
-0.22844314769654728
1.4099057893885918
-0.10089407589058354
0.5984186572691403
0.8402448866557106
0.473259149774449
-0.4186556717778934
-0.4292782923736588
0.10415236675893054
-0.39498134203574525
0.44698349318999125
0.30942167917795893
-0.9444809198649107
-0.7915085403951775
0.1373745547765366
0.29242984369521074
0.27256803821254655
-0.28098180967068065
-0.16875605763345747
1.007011769354163
-0.45986236906589645
0.5899777794351014
0.3082745665381231
0.49414670132682803
0.6077307079033746
0.2803954957332905
-0.2939282173384239
-0.24679914901461186
0.10658466185938335
-1.2151229752030674
0.9101662836386215
0.6033632828882851
-0.20216035976987445
0.41130834387169357
-0.031134106349081495
0.310385306081918
-0.12496944246843329
0.46909814778284026
-0.06120186111219349
-0.08769108210660108
-0.10764639660559931
-0.06941638987469177
-0.027995253710443434
-1.322495891250996
-0.059490163393348526
-0.6292741568764375
0.5285313564035504
-0.485264519456399
0.049589626570914265
-1.1816650572414418
-0.17049431858699698
-0.728340502160418
-0.6537488796004669
-0.4763403758324518
0.29112813182280217
0.38578243021826847
0.7879139800570509
0.3764913698818635
0.08354177447655498
0.718484957493454
-0.5110228299524754
1.2705037481511048
0.3482551851222194
-0.46468688095469823
-0.06987571690184141
-1.435899413021178
-0.26494051469495544
0.25813770575917855
-0.3651358258607849
0.6880806145766398
0.16589147086901596
-0.37859521073717584
-0.5108457355038856
0.03686699431063141
-0.6377432634967988
0.8745991211878508
0.19275372696765153
-0.4853002057064693
-0.5173852743959788
-0.22184313591421903
0.7088568445682287
0.2497416928233138
0.20259238336621493
-0.4035061823307524
0.469251198238696
0.6709645833828553
-0.5049837771256673
0.28918638222411425
1.18657270125122
0.31702236920763105
0.7593356951647218
0.12591206673258876
2.3517587377638773
-0.331395786080571
0.5444302430156251
-0.9093799362560756
-0.5243244979881975
0.36742994472378415
-0.7286374902962468
1.2191373402809953
-1.5265970013035561
2.1318640020823714
-0.049017602836362376
-0.6672029985312228
-1.629890326867552
-0.08434066035826634
0.24289461834113332
3.4188703503689823
0.21586025521403066
0.17731829795219983
1.8533674783322152
-0.8983733608724587
0.1522474563817679
4.285116840492619
0.8325603716078277
-0.5191994318143333
6.699638337614318
0.2770768791284179
1.3518415701032487
1.550576494018808
